artist_name;song_title;token
Aretha Franklin;Ain't Nothing Like The Real Thing;there
Aretha Franklin;Ain't Nothing Like The Real Thing;ain't
Aretha Franklin;Ain't Nothing Like The Real Thing;nothin'
Aretha Franklin;Ain't Nothing Like The Real Thing;like
Aretha Franklin;Ain't Nothing Like The Real Thing;the
Aretha Franklin;Ain't Nothing Like The Real Thing;real
Aretha Franklin;Ain't Nothing Like The Real Thing;thing,
Aretha Franklin;Ain't Nothing Like The Real Thing;baby
Aretha Franklin;Ain't Nothing Like The Real Thing;there
Aretha Franklin;Ain't Nothing Like The Real Thing;ain't
Aretha Franklin;Ain't Nothing Like The Real Thing;nothin'
Aretha Franklin;Ain't Nothing Like The Real Thing;like
Aretha Franklin;Ain't Nothing Like The Real Thing;the
Aretha Franklin;Ain't Nothing Like The Real Thing;real
Aretha Franklin;Ain't Nothing Like The Real Thing;thing
Aretha Franklin;Ain't Nothing Like The Real Thing;there
Aretha Franklin;Ain't Nothing Like The Real Thing;ain't
Aretha Franklin;Ain't Nothing Like The Real Thing;nothin'
Aretha Franklin;Ain't Nothing Like The Real Thing;like
Aretha Franklin;Ain't Nothing Like The Real Thing;the
Aretha Franklin;Ain't Nothing Like The Real Thing;real
Aretha Franklin;Ain't Nothing Like The Real Thing;thing,
Aretha Franklin;Ain't Nothing Like The Real Thing;baby
Aretha Franklin;Ain't Nothing Like The Real Thing;there
Aretha Franklin;Ain't Nothing Like The Real Thing;ain't
Aretha Franklin;Ain't Nothing Like The Real Thing;nothin'
Aretha Franklin;Ain't Nothing Like The Real Thing;like
Aretha Franklin;Ain't Nothing Like The Real Thing;the
Aretha Franklin;Ain't Nothing Like The Real Thing;real
Aretha Franklin;Ain't Nothing Like The Real Thing;thing
Aretha Franklin;Ain't Nothing Like The Real Thing;i
Aretha Franklin;Ain't Nothing Like The Real Thing;see
Aretha Franklin;Ain't Nothing Like The Real Thing;your
Aretha Franklin;Ain't Nothing Like The Real Thing;picture
Aretha Franklin;Ain't Nothing Like The Real Thing;hangin'
Aretha Franklin;Ain't Nothing Like The Real Thing;on
Aretha Franklin;Ain't Nothing Like The Real Thing;the
Aretha Franklin;Ain't Nothing Like The Real Thing;wall
Aretha Franklin;Ain't Nothing Like The Real Thing;but
Aretha Franklin;Ain't Nothing Like The Real Thing;it
Aretha Franklin;Ain't Nothing Like The Real Thing;can't
Aretha Franklin;Ain't Nothing Like The Real Thing;see
Aretha Franklin;Ain't Nothing Like The Real Thing;or
Aretha Franklin;Ain't Nothing Like The Real Thing;come
Aretha Franklin;Ain't Nothing Like The Real Thing;to
Aretha Franklin;Ain't Nothing Like The Real Thing;me
Aretha Franklin;Ain't Nothing Like The Real Thing;when
Aretha Franklin;Ain't Nothing Like The Real Thing;i
Aretha Franklin;Ain't Nothing Like The Real Thing;call
Aretha Franklin;Ain't Nothing Like The Real Thing;your
Aretha Franklin;Ain't Nothing Like The Real Thing;name
Aretha Franklin;Ain't Nothing Like The Real Thing;i
Aretha Franklin;Ain't Nothing Like The Real Thing;realize
Aretha Franklin;Ain't Nothing Like The Real Thing;it's
Aretha Franklin;Ain't Nothing Like The Real Thing;just
Aretha Franklin;Ain't Nothing Like The Real Thing;a
Aretha Franklin;Ain't Nothing Like The Real Thing;picture
Aretha Franklin;Ain't Nothing Like The Real Thing;in
Aretha Franklin;Ain't Nothing Like The Real Thing;a
Aretha Franklin;Ain't Nothing Like The Real Thing;frame
Aretha Franklin;Ain't Nothing Like The Real Thing;there
Aretha Franklin;Ain't Nothing Like The Real Thing;ain't
Aretha Franklin;Ain't Nothing Like The Real Thing;nothin'
Aretha Franklin;Ain't Nothing Like The Real Thing;like
Aretha Franklin;Ain't Nothing Like The Real Thing;the
Aretha Franklin;Ain't Nothing Like The Real Thing;real
Aretha Franklin;Ain't Nothing Like The Real Thing;thing,
Aretha Franklin;Ain't Nothing Like The Real Thing;baby
Aretha Franklin;Ain't Nothing Like The Real Thing;there
Aretha Franklin;Ain't Nothing Like The Real Thing;ain't
Aretha Franklin;Ain't Nothing Like The Real Thing;nothin'
Aretha Franklin;Ain't Nothing Like The Real Thing;like
Aretha Franklin;Ain't Nothing Like The Real Thing;the
Aretha Franklin;Ain't Nothing Like The Real Thing;real
Aretha Franklin;Ain't Nothing Like The Real Thing;thing
Aretha Franklin;Ain't Nothing Like The Real Thing;there
Aretha Franklin;Ain't Nothing Like The Real Thing;ain't
Aretha Franklin;Ain't Nothing Like The Real Thing;nothin'
Aretha Franklin;Ain't Nothing Like The Real Thing;like
Aretha Franklin;Ain't Nothing Like The Real Thing;the
Aretha Franklin;Ain't Nothing Like The Real Thing;real
Aretha Franklin;Ain't Nothing Like The Real Thing;thing,
Aretha Franklin;Ain't Nothing Like The Real Thing;baby
Aretha Franklin;Ain't Nothing Like The Real Thing;there
Aretha Franklin;Ain't Nothing Like The Real Thing;ain't
Aretha Franklin;Ain't Nothing Like The Real Thing;nothin'
Aretha Franklin;Ain't Nothing Like The Real Thing;like
Aretha Franklin;Ain't Nothing Like The Real Thing;the
Aretha Franklin;Ain't Nothing Like The Real Thing;real
Aretha Franklin;Ain't Nothing Like The Real Thing;thing
Aretha Franklin;Ain't Nothing Like The Real Thing;i
Aretha Franklin;Ain't Nothing Like The Real Thing;see
Aretha Franklin;Ain't Nothing Like The Real Thing;your
Aretha Franklin;Ain't Nothing Like The Real Thing;picture
Aretha Franklin;Ain't Nothing Like The Real Thing;hangin'
Aretha Franklin;Ain't Nothing Like The Real Thing;on
Aretha Franklin;Ain't Nothing Like The Real Thing;the
Aretha Franklin;Ain't Nothing Like The Real Thing;wall
Aretha Franklin;Ain't Nothing Like The Real Thing;but
Aretha Franklin;Ain't Nothing Like The Real Thing;it
Aretha Franklin;Ain't Nothing Like The Real Thing;can't
Aretha Franklin;Ain't Nothing Like The Real Thing;see
Aretha Franklin;Ain't Nothing Like The Real Thing;or
Aretha Franklin;Ain't Nothing Like The Real Thing;come
Aretha Franklin;Ain't Nothing Like The Real Thing;to
Aretha Franklin;Ain't Nothing Like The Real Thing;me
Aretha Franklin;Ain't Nothing Like The Real Thing;when
Aretha Franklin;Ain't Nothing Like The Real Thing;i
Aretha Franklin;Ain't Nothing Like The Real Thing;call
Aretha Franklin;Ain't Nothing Like The Real Thing;your
Aretha Franklin;Ain't Nothing Like The Real Thing;name
Aretha Franklin;Ain't Nothing Like The Real Thing;i
Aretha Franklin;Ain't Nothing Like The Real Thing;realize
Aretha Franklin;Ain't Nothing Like The Real Thing;it's
Aretha Franklin;Ain't Nothing Like The Real Thing;just
Aretha Franklin;Ain't Nothing Like The Real Thing;a
Aretha Franklin;Ain't Nothing Like The Real Thing;picture
Aretha Franklin;Ain't Nothing Like The Real Thing;in
Aretha Franklin;Ain't Nothing Like The Real Thing;a
Aretha Franklin;Ain't Nothing Like The Real Thing;frame
Aretha Franklin;Ain't Nothing Like The Real Thing;and
Aretha Franklin;Ain't Nothing Like The Real Thing;i
Aretha Franklin;Ain't Nothing Like The Real Thing;read
Aretha Franklin;Ain't Nothing Like The Real Thing;your
Aretha Franklin;Ain't Nothing Like The Real Thing;letters
Aretha Franklin;Ain't Nothing Like The Real Thing;when
Aretha Franklin;Ain't Nothing Like The Real Thing;you're
Aretha Franklin;Ain't Nothing Like The Real Thing;not
Aretha Franklin;Ain't Nothing Like The Real Thing;near
Aretha Franklin;Ain't Nothing Like The Real Thing;they
Aretha Franklin;Ain't Nothing Like The Real Thing;don't
Aretha Franklin;Ain't Nothing Like The Real Thing;move
Aretha Franklin;Ain't Nothing Like The Real Thing;me,
Aretha Franklin;Ain't Nothing Like The Real Thing;they
Aretha Franklin;Ain't Nothing Like The Real Thing;don't
Aretha Franklin;Ain't Nothing Like The Real Thing;groove
Aretha Franklin;Ain't Nothing Like The Real Thing;me
Aretha Franklin;Ain't Nothing Like The Real Thing;like
Aretha Franklin;Ain't Nothing Like The Real Thing;when
Aretha Franklin;Ain't Nothing Like The Real Thing;i
Aretha Franklin;Ain't Nothing Like The Real Thing;hear
Aretha Franklin;Ain't Nothing Like The Real Thing;your
Aretha Franklin;Ain't Nothing Like The Real Thing;sweet
Aretha Franklin;Ain't Nothing Like The Real Thing;voice
Aretha Franklin;Ain't Nothing Like The Real Thing;whisperin'
Aretha Franklin;Ain't Nothing Like The Real Thing;in
Aretha Franklin;Ain't Nothing Like The Real Thing;my
Aretha Franklin;Ain't Nothing Like The Real Thing;ear
Aretha Franklin;Ain't Nothing Like The Real Thing;there
Aretha Franklin;Ain't Nothing Like The Real Thing;ain't
Aretha Franklin;Ain't Nothing Like The Real Thing;nothin'
Aretha Franklin;Ain't Nothing Like The Real Thing;like
Aretha Franklin;Ain't Nothing Like The Real Thing;the
Aretha Franklin;Ain't Nothing Like The Real Thing;real
Aretha Franklin;Ain't Nothing Like The Real Thing;thing,
Aretha Franklin;Ain't Nothing Like The Real Thing;baby
Aretha Franklin;Ain't Nothing Like The Real Thing;there
Aretha Franklin;Ain't Nothing Like The Real Thing;ain't
Aretha Franklin;Ain't Nothing Like The Real Thing;nothin'
Aretha Franklin;Ain't Nothing Like The Real Thing;like
Aretha Franklin;Ain't Nothing Like The Real Thing;the
Aretha Franklin;Ain't Nothing Like The Real Thing;real
Aretha Franklin;Ain't Nothing Like The Real Thing;thing
Aretha Franklin;Ain't Nothing Like The Real Thing;no
Aretha Franklin;Ain't Nothing Like The Real Thing;other
Aretha Franklin;Ain't Nothing Like The Real Thing;sound
Aretha Franklin;Ain't Nothing Like The Real Thing;is
Aretha Franklin;Ain't Nothing Like The Real Thing;quite
Aretha Franklin;Ain't Nothing Like The Real Thing;the
Aretha Franklin;Ain't Nothing Like The Real Thing;same
Aretha Franklin;Ain't Nothing Like The Real Thing;as
Aretha Franklin;Ain't Nothing Like The Real Thing;your
Aretha Franklin;Ain't Nothing Like The Real Thing;name
Aretha Franklin;Ain't Nothing Like The Real Thing;no
Aretha Franklin;Ain't Nothing Like The Real Thing;touch
Aretha Franklin;Ain't Nothing Like The Real Thing;can
Aretha Franklin;Ain't Nothing Like The Real Thing;do
Aretha Franklin;Ain't Nothing Like The Real Thing;half
Aretha Franklin;Ain't Nothing Like The Real Thing;as
Aretha Franklin;Ain't Nothing Like The Real Thing;much
Aretha Franklin;Ain't Nothing Like The Real Thing;to
Aretha Franklin;Ain't Nothing Like The Real Thing;make
Aretha Franklin;Ain't Nothing Like The Real Thing;me
Aretha Franklin;Ain't Nothing Like The Real Thing;feel
Aretha Franklin;Ain't Nothing Like The Real Thing;better
Aretha Franklin;Ain't Nothing Like The Real Thing;let's
Aretha Franklin;Ain't Nothing Like The Real Thing;stay
Aretha Franklin;Ain't Nothing Like The Real Thing;together,
Aretha Franklin;Ain't Nothing Like The Real Thing;together
Aretha Franklin;Ain't Nothing Like The Real Thing;baby
Aretha Franklin;Ain't Nothing Like The Real Thing;together
Aretha Franklin;Ain't Nothing Like The Real Thing;yeah,
Aretha Franklin;Ain't Nothing Like The Real Thing;together,
Aretha Franklin;Ain't Nothing Like The Real Thing;together
Aretha Franklin;Ain't Nothing Like The Real Thing;i
Aretha Franklin;Ain't Nothing Like The Real Thing;got
Aretha Franklin;Ain't Nothing Like The Real Thing;some
Aretha Franklin;Ain't Nothing Like The Real Thing;memories
Aretha Franklin;Ain't Nothing Like The Real Thing;to
Aretha Franklin;Ain't Nothing Like The Real Thing;look
Aretha Franklin;Ain't Nothing Like The Real Thing;back
Aretha Franklin;Ain't Nothing Like The Real Thing;on
Aretha Franklin;Ain't Nothing Like The Real Thing;and
Aretha Franklin;Ain't Nothing Like The Real Thing;though
Aretha Franklin;Ain't Nothing Like The Real Thing;they
Aretha Franklin;Ain't Nothing Like The Real Thing;help,
Aretha Franklin;Ain't Nothing Like The Real Thing;when
Aretha Franklin;Ain't Nothing Like The Real Thing;you
Aretha Franklin;Ain't Nothing Like The Real Thing;phone
Aretha Franklin;Ain't Nothing Like The Real Thing;i'm
Aretha Franklin;Ain't Nothing Like The Real Thing;well
Aretha Franklin;Ain't Nothing Like The Real Thing;aware
Aretha Franklin;Ain't Nothing Like The Real Thing;nothing
Aretha Franklin;Ain't Nothing Like The Real Thing;takes
Aretha Franklin;Ain't Nothing Like The Real Thing;the
Aretha Franklin;Ain't Nothing Like The Real Thing;place
Aretha Franklin;Ain't Nothing Like The Real Thing;of
Aretha Franklin;Ain't Nothing Like The Real Thing;your
Aretha Franklin;Ain't Nothing Like The Real Thing;bein'
Aretha Franklin;Ain't Nothing Like The Real Thing;there
Aretha Franklin;Ain't Nothing Like The Real Thing;there
Aretha Franklin;Ain't Nothing Like The Real Thing;ain't
Aretha Franklin;Ain't Nothing Like The Real Thing;nothin'
Aretha Franklin;Ain't Nothing Like The Real Thing;baby
Aretha Franklin;Ain't Nothing Like The Real Thing;nothin'
Aretha Franklin;Ain't Nothing Like The Real Thing;like
Aretha Franklin;Ain't Nothing Like The Real Thing;the
Aretha Franklin;Ain't Nothing Like The Real Thing;real
Aretha Franklin;Ain't Nothing Like The Real Thing;thing,
Aretha Franklin;Ain't Nothing Like The Real Thing;baby
Aretha Franklin;Ain't Nothing Like The Real Thing;there
Aretha Franklin;Ain't Nothing Like The Real Thing;ain't
Aretha Franklin;Ain't Nothing Like The Real Thing;nothin'
Aretha Franklin;Ain't Nothing Like The Real Thing;like
Aretha Franklin;Ain't Nothing Like The Real Thing;the
Aretha Franklin;Ain't Nothing Like The Real Thing;real
Aretha Franklin;Ain't Nothing Like The Real Thing;thing
Aretha Franklin;Ain't Nothing Like The Real Thing;there
Aretha Franklin;Ain't Nothing Like The Real Thing;ain't
Aretha Franklin;Ain't Nothing Like The Real Thing;nothin'
Aretha Franklin;Ain't Nothing Like The Real Thing;like
Aretha Franklin;Ain't Nothing Like The Real Thing;the
Aretha Franklin;Ain't Nothing Like The Real Thing;real
Aretha Franklin;Ain't Nothing Like The Real Thing;thing
Aretha Franklin;Ain't Nothing Like The Real Thing;there
Aretha Franklin;Ain't Nothing Like The Real Thing;ain't
Aretha Franklin;Ain't Nothing Like The Real Thing;nothin'
Aretha Franklin;Ain't Nothing Like The Real Thing;like
Aretha Franklin;Ain't Nothing Like The Real Thing;the
Aretha Franklin;Ain't Nothing Like The Real Thing;real
Aretha Franklin;Ain't Nothing Like The Real Thing;thing
Aretha Franklin;Ain't Nothing Like The Real Thing;oh,
Aretha Franklin;Ain't Nothing Like The Real Thing;there
Aretha Franklin;Ain't Nothing Like The Real Thing;ain't
Aretha Franklin;Ain't Nothing Like The Real Thing;nothin'
Aretha Franklin;Ain't Nothing Like The Real Thing;like
Aretha Franklin;Ain't Nothing Like The Real Thing;the
Aretha Franklin;Ain't Nothing Like The Real Thing;real
Aretha Franklin;Ain't Nothing Like The Real Thing;thing
Aretha Franklin;Ain't Nothing Like The Real Thing;there
Aretha Franklin;Ain't Nothing Like The Real Thing;ain't
Aretha Franklin;Ain't Nothing Like The Real Thing;nothin'
Aretha Franklin;Ain't Nothing Like The Real Thing;like
Aretha Franklin;Ain't Nothing Like The Real Thing;the
Aretha Franklin;Ain't Nothing Like The Real Thing;real
Aretha Franklin;Ain't Nothing Like The Real Thing;thing
Aretha Franklin;Ain't Nothing Like The Real Thing;the
Aretha Franklin;Ain't Nothing Like The Real Thing;real,
Aretha Franklin;Ain't Nothing Like The Real Thing;real
Aretha Franklin;Ain't Nothing Like The Real Thing;there
Aretha Franklin;Ain't Nothing Like The Real Thing;ain't
Aretha Franklin;Ain't Nothing Like The Real Thing;nothin'
Aretha Franklin;Ain't Nothing Like The Real Thing;like
Aretha Franklin;Ain't Nothing Like The Real Thing;the
Aretha Franklin;Ain't Nothing Like The Real Thing;real
Aretha Franklin;Ain't Nothing Like The Real Thing;thing
Aretha Franklin;Ain't Nothing Like The Real Thing;the
Aretha Franklin;Ain't Nothing Like The Real Thing;real,
Aretha Franklin;Ain't Nothing Like The Real Thing;the
Aretha Franklin;Ain't Nothing Like The Real Thing;real,
Aretha Franklin;Ain't Nothing Like The Real Thing;the
Aretha Franklin;Ain't Nothing Like The Real Thing;real,
Aretha Franklin;Ain't Nothing Like The Real Thing;the
Aretha Franklin;Ain't Nothing Like The Real Thing;real
Aretha Franklin;Ain't Nothing Like The Real Thing;thing
Aretha Franklin;Ain't Nothing Like The Real Thing;oh,
Aretha Franklin;Ain't Nothing Like The Real Thing;the
Aretha Franklin;Ain't Nothing Like The Real Thing;real
Aretha Franklin;Ain't Nothing Like The Real Thing;thing
