artist_name;song_title;token
David Bowie;Cat People (Putting Out The Fire);see
David Bowie;Cat People (Putting Out The Fire);these
David Bowie;Cat People (Putting Out The Fire);eyes
David Bowie;Cat People (Putting Out The Fire);so
David Bowie;Cat People (Putting Out The Fire);green
David Bowie;Cat People (Putting Out The Fire);i
David Bowie;Cat People (Putting Out The Fire);can
David Bowie;Cat People (Putting Out The Fire);stare
David Bowie;Cat People (Putting Out The Fire);for
David Bowie;Cat People (Putting Out The Fire);a
David Bowie;Cat People (Putting Out The Fire);thousand
David Bowie;Cat People (Putting Out The Fire);years
David Bowie;Cat People (Putting Out The Fire);colder
David Bowie;Cat People (Putting Out The Fire);than
David Bowie;Cat People (Putting Out The Fire);the
David Bowie;Cat People (Putting Out The Fire);moon
David Bowie;Cat People (Putting Out The Fire);it's
David Bowie;Cat People (Putting Out The Fire);been
David Bowie;Cat People (Putting Out The Fire);so
David Bowie;Cat People (Putting Out The Fire);long
David Bowie;Cat People (Putting Out The Fire);feel
David Bowie;Cat People (Putting Out The Fire);my
David Bowie;Cat People (Putting Out The Fire);love
David Bowie;Cat People (Putting Out The Fire);enraged
David Bowie;Cat People (Putting Out The Fire);it's
David Bowie;Cat People (Putting Out The Fire);just
David Bowie;Cat People (Putting Out The Fire);the
David Bowie;Cat People (Putting Out The Fire);fear
David Bowie;Cat People (Putting Out The Fire);of
David Bowie;Cat People (Putting Out The Fire);loosing
David Bowie;Cat People (Putting Out The Fire);you
David Bowie;Cat People (Putting Out The Fire);don't
David Bowie;Cat People (Putting Out The Fire);you
David Bowie;Cat People (Putting Out The Fire);know
David Bowie;Cat People (Putting Out The Fire);my
David Bowie;Cat People (Putting Out The Fire);name
David Bowie;Cat People (Putting Out The Fire);you've
David Bowie;Cat People (Putting Out The Fire);been
David Bowie;Cat People (Putting Out The Fire);so
David Bowie;Cat People (Putting Out The Fire);long
David Bowie;Cat People (Putting Out The Fire);and
David Bowie;Cat People (Putting Out The Fire);i've
David Bowie;Cat People (Putting Out The Fire);been
David Bowie;Cat People (Putting Out The Fire);putting
David Bowie;Cat People (Putting Out The Fire);out
David Bowie;Cat People (Putting Out The Fire);fire
David Bowie;Cat People (Putting Out The Fire);with
David Bowie;Cat People (Putting Out The Fire);gasoline
David Bowie;Cat People (Putting Out The Fire);see
David Bowie;Cat People (Putting Out The Fire);these
David Bowie;Cat People (Putting Out The Fire);eyes
David Bowie;Cat People (Putting Out The Fire);so
David Bowie;Cat People (Putting Out The Fire);red
David Bowie;Cat People (Putting Out The Fire);red
David Bowie;Cat People (Putting Out The Fire);like
David Bowie;Cat People (Putting Out The Fire);jungle
David Bowie;Cat People (Putting Out The Fire);burning
David Bowie;Cat People (Putting Out The Fire);bright
David Bowie;Cat People (Putting Out The Fire);those
David Bowie;Cat People (Putting Out The Fire);who
David Bowie;Cat People (Putting Out The Fire);feel
David Bowie;Cat People (Putting Out The Fire);me
David Bowie;Cat People (Putting Out The Fire);near
David Bowie;Cat People (Putting Out The Fire);see
David Bowie;Cat People (Putting Out The Fire);these
David Bowie;Cat People (Putting Out The Fire);eyes
David Bowie;Cat People (Putting Out The Fire);so
David Bowie;Cat People (Putting Out The Fire);green
David Bowie;Cat People (Putting Out The Fire);i
David Bowie;Cat People (Putting Out The Fire);can
David Bowie;Cat People (Putting Out The Fire);stare
David Bowie;Cat People (Putting Out The Fire);for
David Bowie;Cat People (Putting Out The Fire);a
David Bowie;Cat People (Putting Out The Fire);thousand
David Bowie;Cat People (Putting Out The Fire);years
David Bowie;Cat People (Putting Out The Fire);colder
David Bowie;Cat People (Putting Out The Fire);than
David Bowie;Cat People (Putting Out The Fire);the
David Bowie;Cat People (Putting Out The Fire);moon
David Bowie;Cat People (Putting Out The Fire);it's
David Bowie;Cat People (Putting Out The Fire);been
David Bowie;Cat People (Putting Out The Fire);so
David Bowie;Cat People (Putting Out The Fire);long
David Bowie;Cat People (Putting Out The Fire);feel
David Bowie;Cat People (Putting Out The Fire);my
David Bowie;Cat People (Putting Out The Fire);love
David Bowie;Cat People (Putting Out The Fire);enraged
David Bowie;Cat People (Putting Out The Fire);it's
David Bowie;Cat People (Putting Out The Fire);just
David Bowie;Cat People (Putting Out The Fire);the
David Bowie;Cat People (Putting Out The Fire);fear
David Bowie;Cat People (Putting Out The Fire);of
David Bowie;Cat People (Putting Out The Fire);loosing
David Bowie;Cat People (Putting Out The Fire);you
David Bowie;Cat People (Putting Out The Fire);don't
David Bowie;Cat People (Putting Out The Fire);you
David Bowie;Cat People (Putting Out The Fire);know
David Bowie;Cat People (Putting Out The Fire);my
David Bowie;Cat People (Putting Out The Fire);name
David Bowie;Cat People (Putting Out The Fire);you've
David Bowie;Cat People (Putting Out The Fire);been
David Bowie;Cat People (Putting Out The Fire);so
David Bowie;Cat People (Putting Out The Fire);long
David Bowie;Cat People (Putting Out The Fire);and
David Bowie;Cat People (Putting Out The Fire);i've
David Bowie;Cat People (Putting Out The Fire);been
David Bowie;Cat People (Putting Out The Fire);putting
David Bowie;Cat People (Putting Out The Fire);out
David Bowie;Cat People (Putting Out The Fire);fire
David Bowie;Cat People (Putting Out The Fire);with
David Bowie;Cat People (Putting Out The Fire);gasoline
David Bowie;Cat People (Putting Out The Fire);see
David Bowie;Cat People (Putting Out The Fire);these
David Bowie;Cat People (Putting Out The Fire);eyes
David Bowie;Cat People (Putting Out The Fire);so
David Bowie;Cat People (Putting Out The Fire);red
David Bowie;Cat People (Putting Out The Fire);red
David Bowie;Cat People (Putting Out The Fire);like
David Bowie;Cat People (Putting Out The Fire);jungle
David Bowie;Cat People (Putting Out The Fire);burning
David Bowie;Cat People (Putting Out The Fire);bright
David Bowie;Cat People (Putting Out The Fire);those
David Bowie;Cat People (Putting Out The Fire);who
David Bowie;Cat People (Putting Out The Fire);feel
David Bowie;Cat People (Putting Out The Fire);me
David Bowie;Cat People (Putting Out The Fire);near
David Bowie;Cat People (Putting Out The Fire);pull
David Bowie;Cat People (Putting Out The Fire);the
David Bowie;Cat People (Putting Out The Fire);blinds
David Bowie;Cat People (Putting Out The Fire);and
David Bowie;Cat People (Putting Out The Fire);change
David Bowie;Cat People (Putting Out The Fire);their
David Bowie;Cat People (Putting Out The Fire);minds
David Bowie;Cat People (Putting Out The Fire);it's
David Bowie;Cat People (Putting Out The Fire);been
David Bowie;Cat People (Putting Out The Fire);so
David Bowie;Cat People (Putting Out The Fire);long
David Bowie;Cat People (Putting Out The Fire);still
David Bowie;Cat People (Putting Out The Fire);this
David Bowie;Cat People (Putting Out The Fire);pulsing
David Bowie;Cat People (Putting Out The Fire);night
David Bowie;Cat People (Putting Out The Fire);a
David Bowie;Cat People (Putting Out The Fire);plague
David Bowie;Cat People (Putting Out The Fire);i
David Bowie;Cat People (Putting Out The Fire);call
David Bowie;Cat People (Putting Out The Fire);a
David Bowie;Cat People (Putting Out The Fire);heartbeat
David Bowie;Cat People (Putting Out The Fire);just
David Bowie;Cat People (Putting Out The Fire);be
David Bowie;Cat People (Putting Out The Fire);still
David Bowie;Cat People (Putting Out The Fire);with
David Bowie;Cat People (Putting Out The Fire);me
David Bowie;Cat People (Putting Out The Fire);ya
David Bowie;Cat People (Putting Out The Fire);wouldn't
David Bowie;Cat People (Putting Out The Fire);believe
David Bowie;Cat People (Putting Out The Fire);what
David Bowie;Cat People (Putting Out The Fire);i've
David Bowie;Cat People (Putting Out The Fire);been
David Bowie;Cat People (Putting Out The Fire);through
David Bowie;Cat People (Putting Out The Fire);you've
David Bowie;Cat People (Putting Out The Fire);been
David Bowie;Cat People (Putting Out The Fire);so
David Bowie;Cat People (Putting Out The Fire);long
David Bowie;Cat People (Putting Out The Fire);well
David Bowie;Cat People (Putting Out The Fire);it's
David Bowie;Cat People (Putting Out The Fire);been
David Bowie;Cat People (Putting Out The Fire);so
David Bowie;Cat People (Putting Out The Fire);long
David Bowie;Cat People (Putting Out The Fire);and
David Bowie;Cat People (Putting Out The Fire);i've
David Bowie;Cat People (Putting Out The Fire);been
David Bowie;Cat People (Putting Out The Fire);putting
David Bowie;Cat People (Putting Out The Fire);out
David Bowie;Cat People (Putting Out The Fire);the
David Bowie;Cat People (Putting Out The Fire);fire
David Bowie;Cat People (Putting Out The Fire);with
David Bowie;Cat People (Putting Out The Fire);gasoline
David Bowie;Cat People (Putting Out The Fire);putting
David Bowie;Cat People (Putting Out The Fire);out
David Bowie;Cat People (Putting Out The Fire);the
David Bowie;Cat People (Putting Out The Fire);fire
David Bowie;Cat People (Putting Out The Fire);with
David Bowie;Cat People (Putting Out The Fire);gasoline
David Bowie;Cat People (Putting Out The Fire);see
David Bowie;Cat People (Putting Out The Fire);these
David Bowie;Cat People (Putting Out The Fire);tears
David Bowie;Cat People (Putting Out The Fire);so
David Bowie;Cat People (Putting Out The Fire);blue
David Bowie;Cat People (Putting Out The Fire);an
David Bowie;Cat People (Putting Out The Fire);ageless
David Bowie;Cat People (Putting Out The Fire);heart
David Bowie;Cat People (Putting Out The Fire);that
David Bowie;Cat People (Putting Out The Fire);can
David Bowie;Cat People (Putting Out The Fire);never
David Bowie;Cat People (Putting Out The Fire);mend
David Bowie;Cat People (Putting Out The Fire);these
David Bowie;Cat People (Putting Out The Fire);tears
David Bowie;Cat People (Putting Out The Fire);can
David Bowie;Cat People (Putting Out The Fire);never
David Bowie;Cat People (Putting Out The Fire);dry
David Bowie;Cat People (Putting Out The Fire);a
David Bowie;Cat People (Putting Out The Fire);judgement
David Bowie;Cat People (Putting Out The Fire);made
David Bowie;Cat People (Putting Out The Fire);can
David Bowie;Cat People (Putting Out The Fire);never
David Bowie;Cat People (Putting Out The Fire);bend
David Bowie;Cat People (Putting Out The Fire);see
David Bowie;Cat People (Putting Out The Fire);these
David Bowie;Cat People (Putting Out The Fire);eyes
David Bowie;Cat People (Putting Out The Fire);so
David Bowie;Cat People (Putting Out The Fire);green
David Bowie;Cat People (Putting Out The Fire);i
David Bowie;Cat People (Putting Out The Fire);can
David Bowie;Cat People (Putting Out The Fire);stare
David Bowie;Cat People (Putting Out The Fire);for
David Bowie;Cat People (Putting Out The Fire);a
David Bowie;Cat People (Putting Out The Fire);thousand
David Bowie;Cat People (Putting Out The Fire);years
David Bowie;Cat People (Putting Out The Fire);just
David Bowie;Cat People (Putting Out The Fire);be
David Bowie;Cat People (Putting Out The Fire);still
David Bowie;Cat People (Putting Out The Fire);with
David Bowie;Cat People (Putting Out The Fire);me
David Bowie;Cat People (Putting Out The Fire);ya
David Bowie;Cat People (Putting Out The Fire);wouldn't
David Bowie;Cat People (Putting Out The Fire);believe
David Bowie;Cat People (Putting Out The Fire);what
David Bowie;Cat People (Putting Out The Fire);i've
David Bowie;Cat People (Putting Out The Fire);been
David Bowie;Cat People (Putting Out The Fire);through
David Bowie;Cat People (Putting Out The Fire);you've
David Bowie;Cat People (Putting Out The Fire);been
David Bowie;Cat People (Putting Out The Fire);so
David Bowie;Cat People (Putting Out The Fire);long
David Bowie;Cat People (Putting Out The Fire);well
David Bowie;Cat People (Putting Out The Fire);it's
David Bowie;Cat People (Putting Out The Fire);been
David Bowie;Cat People (Putting Out The Fire);so
David Bowie;Cat People (Putting Out The Fire);long
David Bowie;Cat People (Putting Out The Fire);and
David Bowie;Cat People (Putting Out The Fire);i've
David Bowie;Cat People (Putting Out The Fire);been
David Bowie;Cat People (Putting Out The Fire);putting
David Bowie;Cat People (Putting Out The Fire);out
David Bowie;Cat People (Putting Out The Fire);fire
David Bowie;Cat People (Putting Out The Fire);with
David Bowie;Cat People (Putting Out The Fire);gasoline
David Bowie;Cat People (Putting Out The Fire);putting
David Bowie;Cat People (Putting Out The Fire);out
David Bowie;Cat People (Putting Out The Fire);fire
David Bowie;Cat People (Putting Out The Fire);with
David Bowie;Cat People (Putting Out The Fire);gasoline
David Bowie;Cat People (Putting Out The Fire);well
David Bowie;Cat People (Putting Out The Fire);its
David Bowie;Cat People (Putting Out The Fire);been
David Bowie;Cat People (Putting Out The Fire);so
David Bowie;Cat People (Putting Out The Fire);long
David Bowie;Cat People (Putting Out The Fire);(been
David Bowie;Cat People (Putting Out The Fire);so
David Bowie;Cat People (Putting Out The Fire);long)
David Bowie;Cat People (Putting Out The Fire);i've
David Bowie;Cat People (Putting Out The Fire);been
David Bowie;Cat People (Putting Out The Fire);putting
David Bowie;Cat People (Putting Out The Fire);out
David Bowie;Cat People (Putting Out The Fire);fire
David Bowie;Cat People (Putting Out The Fire);(been
David Bowie;Cat People (Putting Out The Fire);so
David Bowie;Cat People (Putting Out The Fire);long)
David Bowie;Cat People (Putting Out The Fire);and
David Bowie;Cat People (Putting Out The Fire);its
David Bowie;Cat People (Putting Out The Fire);been
David Bowie;Cat People (Putting Out The Fire);so
David Bowie;Cat People (Putting Out The Fire);long
David Bowie;Cat People (Putting Out The Fire);been
David Bowie;Cat People (Putting Out The Fire);putting
David Bowie;Cat People (Putting Out The Fire);out
David Bowie;Cat People (Putting Out The Fire);fire
David Bowie;Cat People (Putting Out The Fire);(been
David Bowie;Cat People (Putting Out The Fire);so
David Bowie;Cat People (Putting Out The Fire);long)
David Bowie;Cat People (Putting Out The Fire);well
David Bowie;Cat People (Putting Out The Fire);it's
David Bowie;Cat People (Putting Out The Fire);been
David Bowie;Cat People (Putting Out The Fire);(been
David Bowie;Cat People (Putting Out The Fire);so
David Bowie;Cat People (Putting Out The Fire);long)
David Bowie;Cat People (Putting Out The Fire);putting
David Bowie;Cat People (Putting Out The Fire);out
David Bowie;Cat People (Putting Out The Fire);fire
David Bowie;Cat People (Putting Out The Fire);(been
David Bowie;Cat People (Putting Out The Fire);so
David Bowie;Cat People (Putting Out The Fire);long)
David Bowie;Cat People (Putting Out The Fire);been
David Bowie;Cat People (Putting Out The Fire);so
David Bowie;Cat People (Putting Out The Fire);long
David Bowie;Cat People (Putting Out The Fire);(so
David Bowie;Cat People (Putting Out The Fire);long
David Bowie;Cat People (Putting Out The Fire);so
David Bowie;Cat People (Putting Out The Fire);long)
David Bowie;Cat People (Putting Out The Fire);been
David Bowie;Cat People (Putting Out The Fire);so
David Bowie;Cat People (Putting Out The Fire);long
David Bowie;Cat People (Putting Out The Fire);(so
David Bowie;Cat People (Putting Out The Fire);long
David Bowie;Cat People (Putting Out The Fire);so
David Bowie;Cat People (Putting Out The Fire);long)
David Bowie;Cat People (Putting Out The Fire);been
David Bowie;Cat People (Putting Out The Fire);putting
David Bowie;Cat People (Putting Out The Fire);out
David Bowie;Cat People (Putting Out The Fire);fire
David Bowie;Cat People (Putting Out The Fire);(been
David Bowie;Cat People (Putting Out The Fire);so
David Bowie;Cat People (Putting Out The Fire);long
David Bowie;Cat People (Putting Out The Fire);so
David Bowie;Cat People (Putting Out The Fire);long
David Bowie;Cat People (Putting Out The Fire);so
David Bowie;Cat People (Putting Out The Fire);long)
David Bowie;Cat People (Putting Out The Fire);been
David Bowie;Cat People (Putting Out The Fire);putting
David Bowie;Cat People (Putting Out The Fire);out
David Bowie;Cat People (Putting Out The Fire);fire
David Bowie;Cat People (Putting Out The Fire);(been
David Bowie;Cat People (Putting Out The Fire);so
David Bowie;Cat People (Putting Out The Fire);long
David Bowie;Cat People (Putting Out The Fire);so
David Bowie;Cat People (Putting Out The Fire);long
David Bowie;Cat People (Putting Out The Fire);so
David Bowie;Cat People (Putting Out The Fire);long)
David Bowie;Cat People (Putting Out The Fire);been
David Bowie;Cat People (Putting Out The Fire);so
David Bowie;Cat People (Putting Out The Fire);long
David Bowie;Cat People (Putting Out The Fire);been
David Bowie;Cat People (Putting Out The Fire);putting
David Bowie;Cat People (Putting Out The Fire);out
David Bowie;Cat People (Putting Out The Fire);fire
David Bowie;Cat People (Putting Out The Fire);been
David Bowie;Cat People (Putting Out The Fire);so
David Bowie;Cat People (Putting Out The Fire);long
David Bowie;Cat People (Putting Out The Fire);so
David Bowie;Cat People (Putting Out The Fire);long
David Bowie;Cat People (Putting Out The Fire);so
David Bowie;Cat People (Putting Out The Fire);long
David Bowie;Cat People (Putting Out The Fire);yeah
David Bowie;Cat People (Putting Out The Fire);putting
David Bowie;Cat People (Putting Out The Fire);out
David Bowie;Cat People (Putting Out The Fire);fire
David Bowie;Cat People (Putting Out The Fire);(been
David Bowie;Cat People (Putting Out The Fire);so
David Bowie;Cat People (Putting Out The Fire);long
David Bowie;Cat People (Putting Out The Fire);so
David Bowie;Cat People (Putting Out The Fire);long
David Bowie;Cat People (Putting Out The Fire);so
David Bowie;Cat People (Putting Out The Fire);long)
David Bowie;Cat People (Putting Out The Fire);been
David Bowie;Cat People (Putting Out The Fire);so
David Bowie;Cat People (Putting Out The Fire);long
David Bowie;Cat People (Putting Out The Fire);been
David Bowie;Cat People (Putting Out The Fire);so
David Bowie;Cat People (Putting Out The Fire);long
David Bowie;Cat People (Putting Out The Fire);so
David Bowie;Cat People (Putting Out The Fire);long
David Bowie;Cat People (Putting Out The Fire);so
David Bowie;Cat People (Putting Out The Fire);long
David Bowie;Cat People (Putting Out The Fire);been
David Bowie;Cat People (Putting Out The Fire);so
David Bowie;Cat People (Putting Out The Fire);long
David Bowie;Cat People (Putting Out The Fire);so
David Bowie;Cat People (Putting Out The Fire);long
David Bowie;Cat People (Putting Out The Fire);so
David Bowie;Cat People (Putting Out The Fire);long
