artist_name;song_title;token
Iron Maiden;The Book Of Souls;sacrifices
Iron Maiden;The Book Of Souls;buried
Iron Maiden;The Book Of Souls;with
Iron Maiden;The Book Of Souls;kings
Iron Maiden;The Book Of Souls;accompany
Iron Maiden;The Book Of Souls;them
Iron Maiden;The Book Of Souls;on
Iron Maiden;The Book Of Souls;a
Iron Maiden;The Book Of Souls;journey
Iron Maiden;The Book Of Souls;with
Iron Maiden;The Book Of Souls;no
Iron Maiden;The Book Of Souls;end
Iron Maiden;The Book Of Souls;to
Iron Maiden;The Book Of Souls;an
Iron Maiden;The Book Of Souls;afterlife
Iron Maiden;The Book Of Souls;that
Iron Maiden;The Book Of Souls;rich
Iron Maiden;The Book Of Souls;with
Iron Maiden;The Book Of Souls;fruit
Iron Maiden;The Book Of Souls;of
Iron Maiden;The Book Of Souls;all
Iron Maiden;The Book Of Souls;the
Iron Maiden;The Book Of Souls;gods
Iron Maiden;The Book Of Souls;and
Iron Maiden;The Book Of Souls;to
Iron Maiden;The Book Of Souls;face
Iron Maiden;The Book Of Souls;the
Iron Maiden;The Book Of Souls;demons
Iron Maiden;The Book Of Souls;of
Iron Maiden;The Book Of Souls;their
Iron Maiden;The Book Of Souls;underworld
Iron Maiden;The Book Of Souls;haunts
Iron Maiden;The Book Of Souls;the
Iron Maiden;The Book Of Souls;sentient
Iron Maiden;The Book Of Souls;is
Iron Maiden;The Book Of Souls;sent
Iron Maiden;The Book Of Souls;to
Iron Maiden;The Book Of Souls;seek
Iron Maiden;The Book Of Souls;out
Iron Maiden;The Book Of Souls;all
Iron Maiden;The Book Of Souls;the
Iron Maiden;The Book Of Souls;truth
Iron Maiden;The Book Of Souls;a
Iron Maiden;The Book Of Souls;flight
Iron Maiden;The Book Of Souls;to
Iron Maiden;The Book Of Souls;earth
Iron Maiden;The Book Of Souls;that
Iron Maiden;The Book Of Souls;is
Iron Maiden;The Book Of Souls;a
Iron Maiden;The Book Of Souls;given
Iron Maiden;The Book Of Souls;from
Iron Maiden;The Book Of Souls;his
Iron Maiden;The Book Of Souls;birth
Iron Maiden;The Book Of Souls;to
Iron Maiden;The Book Of Souls;rise
Iron Maiden;The Book Of Souls;from
Iron Maiden;The Book Of Souls;ashes
Iron Maiden;The Book Of Souls;of
Iron Maiden;The Book Of Souls;the
Iron Maiden;The Book Of Souls;dead
Iron Maiden;The Book Of Souls;sacrifices
Iron Maiden;The Book Of Souls;buried
Iron Maiden;The Book Of Souls;with
Iron Maiden;The Book Of Souls;kings
Iron Maiden;The Book Of Souls;accompany
Iron Maiden;The Book Of Souls;them
Iron Maiden;The Book Of Souls;on
Iron Maiden;The Book Of Souls;a
Iron Maiden;The Book Of Souls;journey
Iron Maiden;The Book Of Souls;with
Iron Maiden;The Book Of Souls;no
Iron Maiden;The Book Of Souls;end
Iron Maiden;The Book Of Souls;to
Iron Maiden;The Book Of Souls;an
Iron Maiden;The Book Of Souls;afterlife
Iron Maiden;The Book Of Souls;that
Iron Maiden;The Book Of Souls;rich
Iron Maiden;The Book Of Souls;with
Iron Maiden;The Book Of Souls;fruit
Iron Maiden;The Book Of Souls;of
Iron Maiden;The Book Of Souls;all
Iron Maiden;The Book Of Souls;the
Iron Maiden;The Book Of Souls;gods
Iron Maiden;The Book Of Souls;and
Iron Maiden;The Book Of Souls;to
Iron Maiden;The Book Of Souls;face
Iron Maiden;The Book Of Souls;the
Iron Maiden;The Book Of Souls;demons
Iron Maiden;The Book Of Souls;of
Iron Maiden;The Book Of Souls;their
Iron Maiden;The Book Of Souls;underworld
Iron Maiden;The Book Of Souls;haunts
Iron Maiden;The Book Of Souls;the
Iron Maiden;The Book Of Souls;sentient
Iron Maiden;The Book Of Souls;is
Iron Maiden;The Book Of Souls;sent
Iron Maiden;The Book Of Souls;to
Iron Maiden;The Book Of Souls;seek
Iron Maiden;The Book Of Souls;out
Iron Maiden;The Book Of Souls;all
Iron Maiden;The Book Of Souls;the
Iron Maiden;The Book Of Souls;truth
Iron Maiden;The Book Of Souls;a
Iron Maiden;The Book Of Souls;flight
Iron Maiden;The Book Of Souls;to
Iron Maiden;The Book Of Souls;earth
Iron Maiden;The Book Of Souls;that
Iron Maiden;The Book Of Souls;is
Iron Maiden;The Book Of Souls;a
Iron Maiden;The Book Of Souls;given
Iron Maiden;The Book Of Souls;from
Iron Maiden;The Book Of Souls;his
Iron Maiden;The Book Of Souls;birth
Iron Maiden;The Book Of Souls;to
Iron Maiden;The Book Of Souls;rise
Iron Maiden;The Book Of Souls;from
Iron Maiden;The Book Of Souls;ashes
Iron Maiden;The Book Of Souls;of
Iron Maiden;The Book Of Souls;the
Iron Maiden;The Book Of Souls;dead
Iron Maiden;The Book Of Souls;out
Iron Maiden;The Book Of Souls;of
Iron Maiden;The Book Of Souls;the
Iron Maiden;The Book Of Souls;fire
Iron Maiden;The Book Of Souls;is
Iron Maiden;The Book Of Souls;sent
Iron Maiden;The Book Of Souls;to
Iron Maiden;The Book Of Souls;fulfil
Iron Maiden;The Book Of Souls;man
Iron Maiden;The Book Of Souls;desire
Iron Maiden;The Book Of Souls;by
Iron Maiden;The Book Of Souls;power
Iron Maiden;The Book Of Souls;day
Iron Maiden;The Book Of Souls;and
Iron Maiden;The Book Of Souls;night
Iron Maiden;The Book Of Souls;and
Iron Maiden;The Book Of Souls;death
Iron Maiden;The Book Of Souls;he
Iron Maiden;The Book Of Souls;ruled
Iron Maiden;The Book Of Souls;them
Iron Maiden;The Book Of Souls;the
Iron Maiden;The Book Of Souls;sky
Iron Maiden;The Book Of Souls;and
Iron Maiden;The Book Of Souls;earth
Iron Maiden;The Book Of Souls;and
Iron Maiden;The Book Of Souls;the
Iron Maiden;The Book Of Souls;fires
Iron Maiden;The Book Of Souls;too
Iron Maiden;The Book Of Souls;two
Iron Maiden;The Book Of Souls;headed
Iron Maiden;The Book Of Souls;reptile
Iron Maiden;The Book Of Souls;symbol
Iron Maiden;The Book Of Souls;of
Iron Maiden;The Book Of Souls;his
Iron Maiden;The Book Of Souls;reign
Iron Maiden;The Book Of Souls;universes
Iron Maiden;The Book Of Souls;of
Iron Maiden;The Book Of Souls;the
Iron Maiden;The Book Of Souls;underworld
Iron Maiden;The Book Of Souls;a
Iron Maiden;The Book Of Souls;life
Iron Maiden;The Book Of Souls;that
Iron Maiden;The Book Of Souls;full
Iron Maiden;The Book Of Souls;of
Iron Maiden;The Book Of Souls;all
Iron Maiden;The Book Of Souls;the
Iron Maiden;The Book Of Souls;wealth
Iron Maiden;The Book Of Souls;and
Iron Maiden;The Book Of Souls;riches
Iron Maiden;The Book Of Souls;can
Iron Maiden;The Book Of Souls;never
Iron Maiden;The Book Of Souls;last
Iron Maiden;The Book Of Souls;for
Iron Maiden;The Book Of Souls;an
Iron Maiden;The Book Of Souls;eternity
Iron Maiden;The Book Of Souls;after
Iron Maiden;The Book Of Souls;living
Iron Maiden;The Book Of Souls;in
Iron Maiden;The Book Of Souls;a
Iron Maiden;The Book Of Souls;golden
Iron Maiden;The Book Of Souls;paradise
Iron Maiden;The Book Of Souls;the
Iron Maiden;The Book Of Souls;ultimate
Iron Maiden;The Book Of Souls;sacrifice
Iron Maiden;The Book Of Souls;prophecy
Iron Maiden;The Book Of Souls;of
Iron Maiden;The Book Of Souls;sky
Iron Maiden;The Book Of Souls;gods
Iron Maiden;The Book Of Souls;the
Iron Maiden;The Book Of Souls;sun
Iron Maiden;The Book Of Souls;and
Iron Maiden;The Book Of Souls;moon
Iron Maiden;The Book Of Souls;passing
Iron Maiden;The Book Of Souls;of
Iron Maiden;The Book Of Souls;old
Iron Maiden;The Book Of Souls;ways
Iron Maiden;The Book Of Souls;will
Iron Maiden;The Book Of Souls;come
Iron Maiden;The Book Of Souls;true
Iron Maiden;The Book Of Souls;soon
Iron Maiden;The Book Of Souls;falling
Iron Maiden;The Book Of Souls;of
Iron Maiden;The Book Of Souls;ages
Iron Maiden;The Book Of Souls;forest
Iron Maiden;The Book Of Souls;of
Iron Maiden;The Book Of Souls;kings
Iron Maiden;The Book Of Souls;the
Iron Maiden;The Book Of Souls;search
Iron Maiden;The Book Of Souls;for
Iron Maiden;The Book Of Souls;the
Iron Maiden;The Book Of Souls;truth
Iron Maiden;The Book Of Souls;the
Iron Maiden;The Book Of Souls;book
Iron Maiden;The Book Of Souls;of
Iron Maiden;The Book Of Souls;souls
Iron Maiden;The Book Of Souls;the
Iron Maiden;The Book Of Souls;rulers
Iron Maiden;The Book Of Souls;of
Iron Maiden;The Book Of Souls;planets
Iron Maiden;The Book Of Souls;and
Iron Maiden;The Book Of Souls;stars
Iron Maiden;The Book Of Souls;the
Iron Maiden;The Book Of Souls;power
Iron Maiden;The Book Of Souls;of
Iron Maiden;The Book Of Souls;the
Iron Maiden;The Book Of Souls;kings
Iron Maiden;The Book Of Souls;of
Iron Maiden;The Book Of Souls;traders
Iron Maiden;The Book Of Souls;and
Iron Maiden;The Book Of Souls;the
Iron Maiden;The Book Of Souls;wars
Iron Maiden;The Book Of Souls;planetary
Iron Maiden;The Book Of Souls;cycles
Iron Maiden;The Book Of Souls;and
Iron Maiden;The Book Of Souls;the
Iron Maiden;The Book Of Souls;phases
Iron Maiden;The Book Of Souls;of
Iron Maiden;The Book Of Souls;the
Iron Maiden;The Book Of Souls;moon
Iron Maiden;The Book Of Souls;is
Iron Maiden;The Book Of Souls;in
Iron Maiden;The Book Of Souls;the
Iron Maiden;The Book Of Souls;document
Iron Maiden;The Book Of Souls;a
Iron Maiden;The Book Of Souls;kingdom
Iron Maiden;The Book Of Souls;they
Iron Maiden;The Book Of Souls;will
Iron Maiden;The Book Of Souls;learn
Iron Maiden;The Book Of Souls;they
Iron Maiden;The Book Of Souls;were
Iron Maiden;The Book Of Souls;praying
Iron Maiden;The Book Of Souls;to
Iron Maiden;The Book Of Souls;the
Iron Maiden;The Book Of Souls;gods
Iron Maiden;The Book Of Souls;of
Iron Maiden;The Book Of Souls;nature
Iron Maiden;The Book Of Souls;and
Iron Maiden;The Book Of Souls;were
Iron Maiden;The Book Of Souls;living
Iron Maiden;The Book Of Souls;in
Iron Maiden;The Book Of Souls;the
Iron Maiden;The Book Of Souls;cities
Iron Maiden;The Book Of Souls;of
Iron Maiden;The Book Of Souls;stone
Iron Maiden;The Book Of Souls;towers
Iron Maiden;The Book Of Souls;reaching
Iron Maiden;The Book Of Souls;upward
Iron Maiden;The Book Of Souls;to
Iron Maiden;The Book Of Souls;the
Iron Maiden;The Book Of Souls;heavens
Iron Maiden;The Book Of Souls;sacred
Iron Maiden;The Book Of Souls;wonders
Iron Maiden;The Book Of Souls;for
Iron Maiden;The Book Of Souls;the
Iron Maiden;The Book Of Souls;world
Iron Maiden;The Book Of Souls;unknown
Iron Maiden;The Book Of Souls;make
Iron Maiden;The Book Of Souls;their
Iron Maiden;The Book Of Souls;lives
Iron Maiden;The Book Of Souls;be
Iron Maiden;The Book Of Souls;a
Iron Maiden;The Book Of Souls;mystery
Iron Maiden;The Book Of Souls;no
Iron Maiden;The Book Of Souls;more
Iron Maiden;The Book Of Souls;records
Iron Maiden;The Book Of Souls;kept
Iron Maiden;The Book Of Souls;and
Iron Maiden;The Book Of Souls;the
Iron Maiden;The Book Of Souls;passing
Iron Maiden;The Book Of Souls;of
Iron Maiden;The Book Of Souls;laws
Iron Maiden;The Book Of Souls;sacred
Iron Maiden;The Book Of Souls;gods
Iron Maiden;The Book Of Souls;to
Iron Maiden;The Book Of Souls;the
Iron Maiden;The Book Of Souls;book
Iron Maiden;The Book Of Souls;of
Iron Maiden;The Book Of Souls;lies
Iron Maiden;The Book Of Souls;when
Iron Maiden;The Book Of Souls;a
Iron Maiden;The Book Of Souls;civilization
Iron Maiden;The Book Of Souls;dies
Iron Maiden;The Book Of Souls;prophecy
Iron Maiden;The Book Of Souls;of
Iron Maiden;The Book Of Souls;sky
Iron Maiden;The Book Of Souls;gods
Iron Maiden;The Book Of Souls;the
Iron Maiden;The Book Of Souls;sun
Iron Maiden;The Book Of Souls;and
Iron Maiden;The Book Of Souls;moon
Iron Maiden;The Book Of Souls;passing
Iron Maiden;The Book Of Souls;of
Iron Maiden;The Book Of Souls;old
Iron Maiden;The Book Of Souls;ways
Iron Maiden;The Book Of Souls;will
Iron Maiden;The Book Of Souls;come
Iron Maiden;The Book Of Souls;true
Iron Maiden;The Book Of Souls;soon
Iron Maiden;The Book Of Souls;falling
Iron Maiden;The Book Of Souls;of
Iron Maiden;The Book Of Souls;ages
Iron Maiden;The Book Of Souls;forest
Iron Maiden;The Book Of Souls;of
Iron Maiden;The Book Of Souls;kings
Iron Maiden;The Book Of Souls;the
Iron Maiden;The Book Of Souls;lost
Iron Maiden;The Book Of Souls;book
Iron Maiden;The Book Of Souls;of
Iron Maiden;The Book Of Souls;souls
Iron Maiden;The Book Of Souls;destruction
Iron Maiden;The Book Of Souls;begins
Iron Maiden;The Book Of Souls;ascending
Iron Maiden;The Book Of Souls;the
Iron Maiden;The Book Of Souls;throne
Iron Maiden;The Book Of Souls;wearing
Iron Maiden;The Book Of Souls;feathers
Iron Maiden;The Book Of Souls;and
Iron Maiden;The Book Of Souls;shells
Iron Maiden;The Book Of Souls;he
Iron Maiden;The Book Of Souls;brought
Iron Maiden;The Book Of Souls;back
Iron Maiden;The Book Of Souls;their
Iron Maiden;The Book Of Souls;lives
Iron Maiden;The Book Of Souls;from
Iron Maiden;The Book Of Souls;the
Iron Maiden;The Book Of Souls;void
Iron Maiden;The Book Of Souls;alien
Iron Maiden;The Book Of Souls;invasion
Iron Maiden;The Book Of Souls;brings
Iron Maiden;The Book Of Souls;nothing
Iron Maiden;The Book Of Souls;but
Iron Maiden;The Book Of Souls;death
Iron Maiden;The Book Of Souls;mass
Iron Maiden;The Book Of Souls;exodus
Iron Maiden;The Book Of Souls;and
Iron Maiden;The Book Of Souls;plant
Iron Maiden;The Book Of Souls;life
Iron Maiden;The Book Of Souls;destroyed
Iron Maiden;The Book Of Souls;domain
Iron Maiden;The Book Of Souls;of
Iron Maiden;The Book Of Souls;the
Iron Maiden;The Book Of Souls;earth
Iron Maiden;The Book Of Souls;to
Iron Maiden;The Book Of Souls;the
Iron Maiden;The Book Of Souls;journey
Iron Maiden;The Book Of Souls;of
Iron Maiden;The Book Of Souls;truth
Iron Maiden;The Book Of Souls;the
Iron Maiden;The Book Of Souls;underworld
Iron Maiden;The Book Of Souls;caves
Iron Maiden;The Book Of Souls;mayan
Iron Maiden;The Book Of Souls;slaves
Iron Maiden;The Book Of Souls;defeat
Iron Maiden;The Book Of Souls;of
Iron Maiden;The Book Of Souls;the
Iron Maiden;The Book Of Souls;dark
Iron Maiden;The Book Of Souls;lords
Iron Maiden;The Book Of Souls;the
Iron Maiden;The Book Of Souls;ultimate
Iron Maiden;The Book Of Souls;proof
Iron Maiden;The Book Of Souls;in
Iron Maiden;The Book Of Souls;the
Iron Maiden;The Book Of Souls;place
Iron Maiden;The Book Of Souls;where
Iron Maiden;The Book Of Souls;the
Iron Maiden;The Book Of Souls;ancestors
Iron Maiden;The Book Of Souls;rule
Iron Maiden;The Book Of Souls;the
Iron Maiden;The Book Of Souls;book
Iron Maiden;The Book Of Souls;of
Iron Maiden;The Book Of Souls;souls
